14	3	1	1.3	11.5	10.2	202	\N	
14	3	2	1.3	21.45	18.79	206	\N	
14	3	3	134.6	272.9	0	201	\N	
14	3	4	131.5	316.7	0	201	\N	
15	1	1	1.3	16.3	10.97	202	\N	soft
15	1	2	1.3	16.3	9.28	202	\N	soft
15	1	3	1.3	3.37	2.72	205	\N	soft
15	2	1	1.3	11	5.67	202	\N	hard
15	4	12	1.31	13.65	12.97	206	\N	hard
15	4	13	1.31	13.14	12.45	206	\N	hard
15	4	14	0	0	0	201	\N	hard
15	4	15	196.4	724.1	0	201	\N	hard
15	4	16	198.9	792.6	0	201	\N	hard
15	4	17	198.7	1001.6	0	201	\N	hard
11	2	15	1.7	8.7	7.4	205	\N	
11	2	16	1.7	26.8	23.5	206	\N	
11	2	1	134.2	474.7	0	201	\N	
11	2	2	0	221.3	0	201	\N	
11	2	7	1.7	13.9	11	203	33	
11	2	8	1.7	12.7	10	203	27	
11	2	9	1.7	13.5	10.7	203	19	
11	2	10	1.7	14.5	11.2	203	13	
11	2	11	1.7	17.5	13.9	203	40	
11	2	3	0	0	0	201	\N	
11	2	4	1.7	34.6	28.4	202	\N	
11	2	5	1.7	20.7	15.8	202	\N	
11	2	6	1.7	23.7	18.7	202	\N	
11	2	12	1.6	5	4.5	205	\N	
11	2	13	1.7	5.6	4.9	205	\N	
11	3	1	1.7	34.1	28.4	202	\N	
11	3	2	1.7	28.1	22.7	202	\N	
11	3	3	169.5	469.1	398.2	201	\N	
11	3	4	0	0	0	201	\N	
11	4	1	1.7	30.6	23.5	202	\N	
11	4	2	569.5	791.2	0	201	\N	
11	4	3	788.8	1047.7	0	201	\N	
12	1	1	1.7	31	26.9	202	\N	
12	1	2	169.5	716.8	0	201	\N	
12	1	7	1.7	3.7	3.4	205	\N	
12	1	8	1.7	4.7	4.2	205	\N	
12	1	9	1.7	3.4	3	205	\N	
12	1	10	1.7	50.7	50.7	206	\N	directly from oven-dried sediment
12	1	3	1.7	17.3	14	204	15.9	
12	1	4	1.7	19.1	15.3	204	19	
12	1	5	1.7	17.4	13.8	204	22	
12	1	6	1.7	21.9	17.3	204	23.8	
12	2	1	1.7	0	15.5	208	\N	destroyed or lost
12	2	2	1.7	18.3	13.8	202	\N	
12	2	3	1.7	19.3	14.7	202	\N	
12	2	4	1.7	23.1	17.5	202	\N	
12	2	5	3.4	6.1	5.5	205	\N	
12	2	6	3.4	7.4	6.3	205	\N	
12	2	7	3.4	7.9	6.7	205	\N	
12	2	14	1.31	15.35	10.97	206	\N	fine material
12	2	15	1.3	12.2	9.4	206	\N	sandy-clayey material
12	2	16	0	712.4	0	201	\N	data mixed up with 2B-1
12	2	17	0	0	0	201	\N	
12	2	18	0	0	0	201	\N	
12	2	19	405.9	720.3	0	201	\N	
13	1	1	1.7	18.5	16.4	202	\N	
13	1	2	1.7	18.3	15.2	202	\N	
13	1	3	1.7	9.7	8.6	205	\N	
13	1	4	1.7	8.2	7.2	205	\N	
13	1	5	1.7	8.1	7.5	205	\N	
13	1	6	1.22	28.17	22.2	204	15.6	
13	1	7	1.22	24.18	18.97	204	16.3	
13	1	8	1.22	21.53	16.71	204	17.5	
13	1	9	1.22	24.08	18.41	204	19.8	
13	1	13	1.32	11	8.41	206	\N	
13	1	14	22.3	443.8	0	201	\N	
13	1	15	22.5	229	0	201	\N	
13	1	16	0	0	0	201	\N	
13	1	17	0	0	0	201	\N	
13	1	18	0	0	0	201	\N	
13	1	19	0	0	0	201	\N	
13	1	20	0	0	0	201	\N	
14	1	4	1.31	10.41	8.87	205	\N	fine
14	1	10	1.29	24.58	19.7	206	\N	fine
14	1	11	195.9	313.5	0	201	\N	fine
14	2	1	1.3	15.5	12.6	202	\N	sand
14	2	2	1.3	30.62	23.53	202	\N	homogeneous sample from 4A_x4
14	2	3	1.34	22.97	18.74	206	\N	sand
14	2	4	289.9	433.4	0	201	\N	sand
14	2	5	433.4	574.3	0	201	\N	sand
14	2	6	697.6	1048.1	0	201	\N	sand
14	2	7	6.3	241.3	0	201	\N	sand
15	1	4	1.31	5.61	3.85	205	\N	soft
15	1	5	1.29	4.99	3.47	205	\N	soft
15	1	11	1.29	16.3	9.91	206	\N	soft
15	1	12	196.1	497.4	0	201	\N	soft
15	1	13	463.4	838.7	0	201	\N	soft
15	1	6	1.32	13.8	8.81	204	16.6	soft
15	1	7	1.3	14.71	9.29	204	17.9	soft
15	1	8	1.32	12.91	8.06	204	20.2	soft
15	1	9	1.31	13.87	8.58	204	21	soft
15	1	10	1.31	16.5	9.89	204	23.6	soft
15	2	2	1.31	3.93	2.64	205	\N	hard
15	2	3	1.3	4.42	2.9	205	\N	hard
15	2	4	1.3	6.4	3.96	205	\N	hard
15	2	10	1.3	11.82	10.99	206	\N	hard
15	2	11	1.3	22.46	20.91	206	\N	hard
15	2	12	0	0	0	201	\N	transition
15	2	13	200.1	678.4	0	201	\N	hard
15	2	5	1.3	14.86	7.31	204	15.9	hard
15	2	6	1.31	16.69	7.98	204	18.8	hard
15	2	7	1.31	16.94	8.05	204	20.3	hard
15	2	8	1.3	15.66	7.45	204	22.2	hard
15	2	9	1.3	18.72	8.67	204	24.16	hard
15	3	1	1.3	13.5	8.9	202	\N	soft
15	3	2	1.3	6.41	5.03	205	\N	soft
15	3	3	1.29	6.33	4.93	205	\N	soft
15	3	4	1.3	9.54	7.37	205	\N	soft
15	3	10	1.3	23.45	15.11	206	\N	soft
15	3	11	196.6	386.4	0	201	\N	soft
15	3	12	0	0	0	201	\N	soft
15	3	5	1.3	20.23	13.64	204	16	soft
15	3	6	1.31	12.52	8.49	204	17.6	soft
15	3	7	1.31	13.45	9.01	204	19.7	soft
15	3	8	1.3	15.59	10.35	204	22	soft
15	3	9	1.28	18.65	11.98	204	23.8	soft
15	4	1	1.3	11.7	8.54	202	\N	hard
11	1	7	1.6	13.5	10.7	203	31	
11	1	8	1.7	14.5	11.5	203	23	
11	1	9	1.7	17.3	13.3	203	12	
11	1	10	1.7	18	14.3	203	36	
11	1	1	195.9	615.5	531.4	201	\N	
11	1	2	192.1	684.3	584.5	201	\N	
11	1	3	169.4	643.5	544.1	201	\N	
11	1	4	195.9	615.5	531.4	202	\N	dublicate record for type=WC
11	1	5	192.1	684.3	584.5	202	\N	dublicate record for type=WC
11	1	6	169.4	643.5	544.1	202	\N	dublicate record for type=WC
11	1	11	1.7	10.2	8.7	205	\N	
11	1	12	1.7	9.8	8.3	205	\N	
13	2	22	101.8	332.9	0	201	\N	1st Extr. of 2nd 3B tube
13	2	23	319	1656.6	0	201	\N	Baggin rest of sample due high organics content
13	2	1	189.4	731.2	0	209	\N	
14	1	1	1.3	11	8.5	202	\N	fine
14	1	2	1.3	7.75	6.58	205	\N	fine
14	1	5	1.29	12.19	9.99	204	16.9	fine
14	1	6	1.29	14.44	11.7	204	18.5	fine
14	1	7	1.3	15.82	12.74	204	20.8	fine
14	1	8	1.29	23.65	18.87	204	22.7	fine
14	1	9	1.32	13.95	11.21	204	24	fine
14	1	3	1.3	8.39	7.13	205	\N	fine
15	4	2	1.3	18.4	12.09	202	\N	hard
15	4	3	1.3	16.5	10.96	202	\N	hard
15	4	4	1.31	6.1	4.63	205	\N	hard
15	4	5	1.22	5.55	4.26	205	\N	hard
15	4	7	1.33	12.82	8.82	204	16.2	hard
15	4	8	1.31	14.11	9.6	204	18.2	hard
15	4	9	1.31	14.18	9.57	204	20.5	hard
15	4	10	1.29	17.55	11.68	204	21.7	hard
15	4	11	1.31	13.72	9.14	204	23.1	hard
15	4	6	1.29	7.07	5.33	205	\N	hard
11	1	13	1.7	11.6	9.9	205	\N	
11	1	14	1.3	12.12	12.06	206	\N	
11	2	14	1.7	6.9	6	205	\N	
12	2	20	700.1	1044.4	0	201	\N	
12	2	8	1.7	28.3	20.5	204	15.6	
12	2	9	1.7	22.6	16.1	204	19.7	
12	2	10	1.7	26.9	19.2	204	18.7	
12	2	11	1.7	27.4	19.2	204	20.2	
12	2	12	1.7	31.9	22.2	204	21.8	
12	2	13	1.7	23.7	16.6	204	22.5	
13	1	21	0	0	0	201	\N	
13	1	10	1.22	24	18.25	204	20.8	
13	1	11	1.21	23.55	17.6	204	23.3	
13	1	12	1.23	22.89	17.01	204	23.9	
13	2	2	1.7	25.2	20	202	\N	WC of 3B_x1
13	2	3	1.7	8.3	7	205	\N	
13	2	4	1.7	9.8	8.4	205	\N	
13	2	5	1.7	9.2	7.9	205	\N	
13	2	12	1.7	19.5	15.9	202	\N	WC of 3B_x3
13	2	13	1.3	21.32	17.44	202	\N	WC of 3B_x4
13	2	14	1.3	11.3	0	202	\N	WC of 3B_x4
13	2	6	1.22	17.37	13.35	204	15.8	
13	2	15	1.31	14.97	11.38	206	\N	
13	2	16	0	0	0	201	\N	
13	2	17	0	0	0	201	\N	
13	2	18	5.6	312.3	0	201	\N	Sample contains a softer
13	2	19	310.5	472.2	0	201	\N	extruded past softer material
13	2	20	23.7	218.6	0	201	\N	extruded past softer material
13	2	21	218.5	454.1	0	201	\N	removing rest of 1st 3B tube
13	2	7	1.32	15.13	11.52	204	20.7	
13	2	8	1.3	15.79	12.2	204	16.8	
13	2	9	1.3	14.42	11.13	204	17.9	
13	2	10	1.31	14.7	11.11	204	21.8	
13	2	11	1.29	14.27	10.73	204	23.1	
